-0.0666118636727333
0.07312773168087006
-0.016730662435293198
-0.0571458525955677
-0.0653473436832428
-0.05755615234375
0.06175917387008667
-0.050462763756513596
0.21422262489795685
-0.05601711571216583
0.21245938539505005
0.020486459136009216
-0.23684389889240265
-0.11296053975820541
-0.031307198107242584
0.16907964646816254
-0.08825014531612396
-0.11443592607975006
-0.14635597169399261
-0.03470030426979065
0.07663548737764359
-0.018619263544678688
0.09550792723894119
0.08686447888612747
-0.11011027544736862
-0.33224907517433167
-0.06521948426961899
-0.07904466986656189
-0.07681648433208466
-0.11973302066326141
0.030087528750300407
0.1947590559720993
-0.13571785390377045
-0.08015666902065277
0.01188684906810522
0.07043495774269104
-0.015480587258934975
-0.04137329012155533
0.21173343062400818
0.010921269655227661
-0.23237502574920654
-0.08056531101465225
0.08836834132671356
0.309130996465683
0.21870020031929016
0.008619638159871101
0.0511590912938118
-0.07250696420669556
0.10383293032646179
-0.3270009756088257
-0.012514367699623108
0.11280845105648041
0.037239447236061096
0.08779456466436386
0.08848129957914352
-0.08287262171506882
0.03720894828438759
0.11626695096492767
-0.2054210901260376
-0.015490112826228142
-0.05025331676006317
-0.1607937216758728
-0.07270835340023041
-0.0931774154305458
0.27008652687072754
0.12944793701171875
-0.14837393164634705
-0.06091781705617905
0.16894620656967163
-0.14557819068431854
-0.052778877317905426
0.10839278250932693
-0.1297672539949417
-0.2106863558292389
-0.2909492552280426
0.024985238909721375
0.3563232421875
0.12746542692184448
-0.13508009910583496
0.04307316616177559
-0.11928599327802658
-0.01801287569105625
0.003586134873330593
0.1331462264060974
-0.013180876150727272
0.00944617297500372
-0.08868676424026489
0.06257735937833786
0.20086544752120972
-0.11547327041625977
-0.0074213529005646706
0.2576984167098999
0.015482510440051556
-0.011608886532485485
-0.018196359276771545
0.12431203573942184
-0.07284709811210632
0.049266599118709564
-0.1612299233675003
0.012146970257163048
0.11029215902090073
-0.055194973945617676
0.02320481278002262
0.0476866252720356
-0.18020717799663544
0.05940454080700874
-0.015055030584335327
-0.03414694219827652
0.027470484375953674
-0.0920514464378357
-0.04265324026346207
-0.08393663913011551
0.09174991399049759
-0.2600255012512207
0.1901921033859253
0.18435266613960266
-0.043479420244693756
0.14653412997722626
-0.000721723772585392
0.09826211631298065
0.014020605012774467
-0.11620664596557617
-0.08372382819652557
-0.023139474913477898
0.1256931871175766
0.0467735230922699
-0.024619873613119125
-0.027531884610652924
