-0.19412773847579956
0.03296298906207085
0.03572094812989235
-0.07427371293306351
-0.14472533762454987
0.015677666291594505
-0.04747527092695236
-0.11467834562063217
0.05997269228100777
-0.14704902470111847
0.13502918183803558
-0.008785570040345192
-0.18163877725601196
0.015176773071289062
-0.09770908206701279
0.1870540976524353
-0.1486136019229889
-0.21964959800243378
-0.10462290793657303
-0.0370650514960289
0.0038408758118748665
0.005240361671894789
-0.034904446452856064
0.12822826206684113
-0.10156022012233734
-0.36699017882347107
-0.06767477095127106
-0.10947482287883759
-0.0160575732588768
-0.0050638597458601
-0.10846975445747375
0.03986256942152977
-0.21153764426708221
-0.019301466643810272
0.039882440119981766
0.10627651959657669
0.029519809409976006
-0.053874410688877106
0.1604534089565277
0.04033143073320389
-0.28479453921318054
0.07254652678966522
0.16032330691814423
0.3029044568538666
0.2393111139535904
-0.0022265848238021135
0.03632250428199768
-0.030486049130558968
0.11305400729179382
-0.2510969340801239
0.015871236100792885
0.12459848821163177
0.1183772161602974
0.005427748430520296
0.05436708778142929
-0.12762080132961273
0.02114247903227806
0.09137628972530365
-0.15357081592082977
0.010628665797412395
0.03174198418855667
-0.0888073742389679
-0.010137403383851051
-0.1051919013261795
0.250922292470932
0.12160011380910873
-0.08735162019729614
-0.16542279720306396
0.20497912168502808
-0.18286406993865967
-0.036465249955654144
0.036157794296741486
-0.15825343132019043
-0.13964608311653137
-0.2586570680141449
0.020251518115401268
0.44840481877326965
0.21572962403297424
-0.09703834354877472
0.16449926793575287
-0.12032242864370346
-0.027152977883815765
0.033286456018686295
0.10979373008012772
-0.013648082502186298
0.06308778375387192
-0.046283140778541565
0.0596206970512867
0.23994368314743042
0.031113822013139725
0.022750701755285263
0.1587192267179489
0.007072508335113525
-0.06803472340106964
0.06999748200178146
0.032528266310691833
-0.1466207504272461
-0.0584966242313385
-0.17464806139469147
-0.06007734686136246
-0.1026364341378212
-0.023545362055301666
0.05753031000494957
0.10389244556427002
-0.23313842713832855
0.07406482100486755
-0.08162064105272293
-0.036629676818847656
-0.03773011267185211
0.04350903630256653
-0.029255321249365807
-0.034107573330402374
0.07383518666028976
-0.22366516292095184
0.11961217224597931
0.170048326253891
0.038207098841667175
0.11124463379383087
0.09482096135616302
-0.0010704342275857925
-0.012753182090818882
0.001139562577009201
-0.19511811435222626
-0.08016012609004974
0.1127498671412468
-0.08515700697898865
0.11957345902919769
0.040557678788900375
