-0.09277582168579102
0.05545571446418762
0.045563437044620514
-0.08139770478010178
-0.05525856465101242
-0.0694977343082428
0.0421917662024498
-0.09347137808799744
0.21623340249061584
-0.17377831041812897
0.14354662597179413
-0.0009609926491975784
-0.1857275515794754
-0.05297083407640457
-0.09675464034080505
0.07103335857391357
-0.13547979295253754
-0.1589929759502411
-0.08462321758270264
-0.08497712761163712
0.04768487811088562
0.09266902506351471
-0.07015606015920639
0.012856420129537582
-0.08917632699012756
-0.30432236194610596
-0.0956888273358345
-0.1530802845954895
0.05151033401489258
-0.08647851645946503
-0.02164439857006073
-0.04867314547300339
-0.19402821362018585
-0.06678815186023712
-0.029216013848781586
0.02183791622519493
-0.02538127452135086
-0.030520223081111908
0.1307646483182907
0.0631592646241188
-0.12831483781337738
0.03785904496908188
0.05251104384660721
0.33035150170326233
0.12812075018882751
0.07352381199598312
-0.05439196154475212
-0.06755642592906952
0.13998568058013916
-0.2343401312828064
0.11764919012784958
0.080165795981884
0.1271587610244751
0.04055976867675781
0.16391831636428833
-0.15399731695652008
0.03240775316953659
-0.01589435338973999
-0.27521488070487976
0.0933094322681427
0.07588855177164078
0.0589274987578392
-0.05926326662302017
0.0032825577072799206
0.22264765202999115
0.14700709283351898
-0.04571407660841942
-0.1052595004439354
0.21534156799316406
-0.2850937843322754
-0.0006171786226332188
-0.03840161859989166
-0.0456199049949646
-0.07924873381853104
-0.18165519833564758
0.025878965854644775
0.40139225125312805
0.1781088411808014
-0.08167403936386108
0.07797835022211075
-0.1250559538602829
-0.015400106087327003
0.12295184284448624
-0.0623830109834671
-0.13306871056556702
0.0650336965918541
-0.048603907227516174
0.053959764540195465
0.15806813538074493
0.02549811825156212
-0.031301483511924744
0.20922447741031647
-0.004855755716562271
-0.0662003606557846
0.08840610831975937
-0.10350875556468964
-0.11952081322669983
-0.0014604004099965096
-0.10855168104171753
0.011198559775948524
0.048598527908325195
-0.14100736379623413
0.04445435851812363
0.10402996838092804
-0.20577137172222137
0.09323369711637497
0.010749388486146927
-0.03827962279319763
0.03333596885204315
0.12242062389850616
-0.20002222061157227
-0.09381690621376038
0.12532901763916016
-0.21706347167491913
0.2422686070203781
0.08751332014799118
0.010298640467226505
0.11595893651247025
0.022112350910902023
0.03248079866170883
-0.002813822589814663
-0.0015349425375461578
-0.12954409420490265
-0.09067085385322571
0.016614880412817
-0.027175407856702805
0.07528950273990631
0.06544491648674011
