-0.13579061627388
-0.004406798630952835
0.027250871062278748
-0.07460778951644897
-0.10451735556125641
-0.13137517869472504
-0.025425635278224945
-0.06279516220092773
0.17379485070705414
-0.16469310224056244
0.10665842890739441
-0.04578361287713051
-0.16227269172668457
0.007632511667907238
-0.06095141917467117
0.21290570497512817
-0.1308794766664505
-0.1970248818397522
-0.07395186275243759
-0.03491516783833504
0.07395444065332413
-0.006905346177518368
0.030111068859696388
0.14625667035579681
-0.16902321577072144
-0.3388642370700836
-0.08644229173660278
-0.058163829147815704
0.005490011535584927
-0.03168776258826256
-0.012535003013908863
0.0803062841296196
-0.22937875986099243
-0.0648970752954483
0.036949630826711655
0.131913959980011
0.030114108696579933
-0.10477811098098755
0.207931786775589
0.007157852873206139
-0.37263163924217224
-0.015414664521813393
0.09715835750102997
0.26151764392852783
0.14241689443588257
0.060489222407341
0.05758291855454445
-0.12194859236478806
0.11621259897947311
-0.2766091823577881
0.024603061378002167
0.10343055427074432
0.002551180776208639
0.005974002182483673
0.02229107916355133
-0.18270403146743774
0.11969195306301117
0.07606083154678345
-0.24815236032009125
0.007608429063111544
0.04780235514044762
-0.08611081540584564
0.05413201078772545
-0.05484958738088608
0.24744011461734772
0.09802646934986115
-0.09449215978384018
-0.11933053284883499
0.21700875461101532
-0.25347450375556946
0.017154745757579803
0.10058780014514923
-0.08629824966192245
-0.23205773532390594
-0.3741700351238251
-0.03707299381494522
0.44084903597831726
0.21238330006599426
-0.07820121198892593
0.14362122118473053
-0.03525926545262337
0.019356949254870415
0.11669725924730301
0.20590130984783173
-0.0445629358291626
0.11431683599948883
-0.07852712273597717
0.0560680627822876
0.27151283621788025
-0.001805029809474945
-0.05064503476023674
0.17870667576789856
0.04707948863506317
0.0045877983793616295
0.051868781447410583
0.08690430968999863
-0.14394471049308777
-0.020940927788615227
-0.16042697429656982
0.040193989872932434
0.009989284910261631
0.02220248617231846
0.02667057141661644
0.13343018293380737
-0.17092560231685638
0.10753576457500458
-0.0657515749335289
-0.10831891745328903
-0.0908278375864029
0.08085519075393677
-0.07770420610904694
-0.10917887091636658
0.05761399492621422
-0.18416747450828552
0.1512492448091507
0.22049221396446228
0.031026016920804977
0.1811600923538208
0.10475271195173264
0.0688140019774437
0.004717814736068249
-0.0275502298027277
-0.15904934704303741
-0.04622558131814003
0.10125571489334106
-0.07352008670568466
0.18343527615070343
0.03997522220015526
