-0.16786691546440125
0.07878416031599045
0.020012633875012398
-0.0941314771771431
-0.0026688247453421354
-0.09416971355676651
0.035059213638305664
-0.0781606137752533
0.12275926768779755
-0.02031002938747406
0.19879987835884094
-0.014978068880736828
-0.2003176212310791
-0.0785861387848854
-0.0005507366731762886
0.05547701194882393
-0.12012498080730438
-0.1607239544391632
-0.15006406605243683
-0.0941905751824379
0.02590714581310749
0.002030791714787483
0.05701354146003723
0.06559768319129944
-0.07768400013446808
-0.391870379447937
-0.1227024719119072
-0.1784743368625641
-0.0031555667519569397
-0.025754587724804878
0.04835273325443268
-0.00048513832734897733
-0.1923362910747528
-0.09652038663625717
-0.023680713027715683
0.002202356234192848
-0.028694141656160355
-0.02334735170006752
0.16519521176815033
0.05657314509153366
-0.13566860556602478
0.08156730979681015
0.018725236877799034
0.25453418493270874
0.23278555274009705
0.07477515190839767
0.018359215930104256
-0.08884616196155548
-0.014724574983119965
-0.25118300318717957
0.06671075522899628
0.1860627681016922
0.027276640757918358
0.05168870836496353
0.09757258743047714
-0.07455503940582275
0.046452730894088745
0.008409712463617325
-0.19932816922664642
0.03369935601949692
0.02039923518896103
-0.08548951148986816
-0.046461209654808044
-0.05512572452425957
0.1592678427696228
0.14506934583187103
-0.07723031938076019
-0.07440069317817688
0.13659173250198364
-0.16845440864562988
-0.059472471475601196
-0.006959081627428532
-0.12810854613780975
-0.14659464359283447
-0.2688591182231903
0.13280990719795227
0.4008885324001312
0.17177365720272064
-0.12003136426210403
0.06951361894607544
-0.18968473374843597
0.009287077002227306
0.033475350588560104
-0.017922639846801758
-0.13175593316555023
-0.10559269785881042
-0.0937858298420906
0.03908512741327286
0.09377602487802505
0.013599650003015995
-0.05679258331656456
0.1479303240776062
-0.063689686357975
0.03194522485136986
0.08690281957387924
0.08368729799985886
-0.14075689017772675
-0.0031887036748230457
-0.10984394699335098
-0.001558779738843441
0.05121338739991188
-0.0823134109377861
0.011326784268021584
0.0785900428891182
-0.15638864040374756
0.05555015802383423
-0.028497640043497086
-0.10362161695957184
-0.00800914317369461
0.05589507147669792
-0.04817720130085945
-0.06059648096561432
0.08508789539337158
-0.16798223555088043
0.25548258423805237
0.22601503133773804
-0.013790641911327839
0.15822428464889526
0.1018865779042244
0.04936014488339424
-0.08201440423727036
0.022045275196433067
-0.13876798748970032
-0.06011654809117317
0.0318954735994339
0.11743111908435822
0.030284158885478973
0.03823913633823395
