-0.167113795876503
0.11270342767238617
0.05533389374613762
-0.06772914528846741
-0.08767987787723541
-0.07919487357139587
-0.022648397833108902
-0.14468134939670563
0.20127016305923462
-0.14831450581550598
0.2047007977962494
-0.0007381392642855644
-0.10823514312505722
-0.09160016477108002
-0.03185831382870674
0.15237624943256378
-0.20021815598011017
-0.17484338581562042
-0.0435766875743866
-0.029620954766869545
0.040850501507520676
-0.05448242649435997
0.10389134287834167
0.07267096638679504
-0.15668313205242157
-0.40609416365623474
-0.1596606969833374
-0.1574818193912506
0.06238901615142822
0.008657114580273628
0.024591460824012756
0.06157645210623741
-0.20677827298641205
-0.021036002784967422
-0.0013773730024695396
0.07065769284963608
0.03867361322045326
0.040147989988327026
0.1685623824596405
-0.02605082094669342
-0.27763670682907104
-0.02430766075849533
0.08382505178451538
0.2680409848690033
0.15659841895103455
0.0635693222284317
0.0645890086889267
-0.03292478621006012
0.09067066013813019
-0.1785551905632019
0.1360873281955719
0.11545252054929733
0.07427918910980225
0.02801312506198883
0.12310659885406494
-0.14823268353939056
0.05113683640956879
0.0803174078464508
-0.16651053726673126
0.060283113270998
0.05207791179418564
-0.013789795339107513
-0.021657507866621017
0.010439811274409294
0.2633240818977356
0.16415035724639893
-0.11053963005542755
-0.11345231533050537
0.2307373732328415
-0.15207090973854065
0.005533298943191767
0.06975884735584259
-0.18064698576927185
-0.1544063538312912
-0.3464602530002594
-0.027149247005581856
0.47331902384757996
0.16179825365543365
-0.12396731227636337
0.03469394892454147
-0.1070055291056633
0.005080347880721092
0.03167995437979698
0.14385759830474854
-0.11692754179239273
0.09466701745986938
-0.10449787974357605
0.05451575666666031
0.15605875849723816
0.014937737956643105
-0.07415132224559784
0.20723898708820343
-0.003350352868437767
0.02105635404586792
-0.003342823591083288
0.04402677342295647
-0.11422649770975113
-0.0907256007194519
-0.19171389937400818
-0.07236871868371964
-0.011665805242955685
0.016629759222269058
-0.08236277103424072
0.13806544244289398
-0.21328526735305786
0.12936288118362427
0.01168721355497837
-0.02909381315112114
-0.12028835713863373
0.1149928867816925
-0.04511439427733421
-0.048072606325149536
0.07341139018535614
-0.17253927886486053
0.1945658028125763
0.19816669821739197
0.027880212292075157
0.15590380132198334
0.07191023230552673
-6.605032831430435e-05
-0.008461283519864082
-0.07196555286645889
-0.1167832687497139
-0.06416096538305283
0.040193840861320496
-0.0854424312710762
0.09214369207620621
0.057283300906419754
