-0.07128369063138962
0.06993765383958817
0.0709904283285141
-0.07832225412130356
-0.09424105286598206
-0.04300457611680031
0.0033176597207784653
-0.05451134219765663
0.23504677414894104
-0.052662745118141174
0.09843291342258453
-0.06321623921394348
-0.2979205846786499
-0.05806483328342438
-0.035733722150325775
0.1143142580986023
-0.06210445985198021
-0.1296333521604538
-0.12203911691904068
-0.15682128071784973
0.01269599236547947
0.04688771814107895
0.011625868268311024
0.0077373976819217205
-0.13232140243053436
-0.3377137780189514
-0.05903778597712517
-0.10472770780324936
-0.018446771427989006
-0.10542333126068115
-0.08436189591884613
0.018099727109074593
-0.15739278495311737
-0.0979122519493103
0.01676507107913494
0.023544371128082275
-0.04977340251207352
-0.03875083103775978
0.19975948333740234
0.0892515480518341
-0.16670647263526917
-0.00919380597770214
0.06706894934177399
0.2489352524280548
0.21398715674877167
0.06831331551074982
-0.012863628566265106
-0.05656364560127258
0.14545604586601257
-0.3038758337497711
0.1486470252275467
0.17412742972373962
0.08615203201770782
0.06207042187452316
0.12161176651716232
-0.1548464000225067
-0.052518151700496674
0.07841002196073532
-0.22277063131332397
0.11045045405626297
0.11052418500185013
-0.09372162818908691
-0.1367746889591217
-0.03804461658000946
0.20253705978393555
0.17880652844905853
-0.14443625509738922
-0.08404695987701416
0.12567056715488434
-0.20354227721691132
0.003989079035818577
-0.017133047804236412
-0.07070545852184296
-0.11080468446016312
-0.2922614514827728
0.09818749129772186
0.41011589765548706
0.14120034873485565
-0.19447053968906403
-0.04651132598519325
-0.15954791009426117
0.02903432585299015
0.06506431847810745
0.00024076644331216812
-0.1373436003923416
-0.008714457973837852
-0.07326527684926987
-0.02317994460463524
0.12853720784187317
-0.018597692251205444
-0.048282552510499954
0.22637565433979034
0.01705636829137802
0.03708895295858383
0.03490636497735977
0.083249032497406
-0.18792356550693512
-0.1076541319489479
-0.11469925940036774
-0.043233439326286316
0.08463403582572937
-0.15392296016216278
0.03486140817403793
0.0837760865688324
-0.20551951229572296
0.13504034280776978
0.004000704735517502
-0.05833413079380989
-0.0011149728670716286
0.03860669210553169
-0.10912191867828369
-0.0999072790145874
0.13675126433372498
-0.2105950266122818
0.17166730761528015
0.13796240091323853
0.003154509700834751
0.17315298318862915
0.06647205352783203
0.08337700366973877
-0.010098607279360294
0.004742887802422047
-0.002779849339276552
-0.11269631236791611
-0.002501288428902626
0.07955389469861984
0.05417228862643242
0.07637587934732437
