-0.11963456869125366
0.1341797560453415
0.07833237200975418
-0.08409429341554642
-0.05747270956635475
-0.08223311603069305
-0.0662580206990242
-0.16822820901870728
0.1326448768377304
-0.13012699782848358
0.19878432154655457
-0.0012912247329950333
-0.19981515407562256
-0.12403737753629684
-0.018201114609837532
0.14778408408164978
-0.15308257937431335
-0.1893385946750641
-0.04169202223420143
-0.10983619093894958
0.036774709820747375
-0.02100023441016674
0.023450195789337158
0.1172650009393692
-0.207148015499115
-0.35204067826271057
-0.15161481499671936
-0.11708475649356842
-0.006059868261218071
-0.043512213975191116
0.027782930061221123
0.04092494770884514
-0.2605445384979248
-0.009698905050754547
-0.03374219313263893
0.051512930542230606
0.05184924602508545
0.0025035925209522247
0.13333548605442047
0.01810281351208687
-0.20518939197063446
-0.0291237011551857
0.05846156179904938
0.22388002276420593
0.17786015570163727
0.08013559132814407
0.09667600691318512
-0.05154632031917572
0.052157968282699585
-0.16031458973884583
0.11590994894504547
0.15563814342021942
0.04604761675000191
0.05402860790491104
-0.006556354463100433
-0.1665201038122177
0.0030350759625434875
0.08837828040122986
-0.21868689358234406
0.041571054607629776
0.030921589583158493
-0.0636039674282074
-0.07114595174789429
0.034750353544950485
0.277992308139801
0.15882186591625214
-0.1551668643951416
-0.08435352891683578
0.22819513082504272
-0.2205745130777359
-0.013855948112905025
0.02687566727399826
-0.1310059130191803
-0.14279533922672272
-0.35093334317207336
0.04918642342090607
0.4419436454772949
0.14097891747951508
-0.1672300100326538
0.050397343933582306
-0.13956815004348755
0.010056642815470695
0.04150059074163437
0.1222667545080185
-0.10462511330842972
0.0758187398314476
-0.055164750665426254
0.0840667262673378
0.19082936644554138
0.05924878269433975
-0.046612948179244995
0.2554231882095337
0.0038867592811584473
0.02301202341914177
0.0487024299800396
0.08867809921503067
-0.09781868755817413
-0.10000694543123245
-0.08679788559675217
-0.021532483398914337
-0.006338892504572868
-0.0015695765614509583
-0.05143028497695923
0.11561403423547745
-0.17863944172859192
0.18450601398944855
0.025267641991376877
-0.04321925342082977
-0.09852498769760132
0.08620873838663101
-0.07630157470703125
-0.12044001370668411
0.10930617153644562
-0.20697245001792908
0.17729245126247406
0.18530307710170746
-0.006895950995385647
0.18591752648353577
0.0845293402671814
0.09542696923017502
-0.014964812435209751
-0.11615736037492752
-0.09865521639585495
-0.07579828798770905
0.09737218171358109
-0.09433192014694214
0.15469707548618317
0.03578031435608864
