-0.16071441769599915
0.047410670667886734
0.00795068684965372
-0.04379527270793915
-0.03115445375442505
-0.06851369142532349
0.03612183779478073
-0.16748487949371338
0.1362263262271881
-0.08445779979228973
0.18519048392772675
-0.07973375916481018
-0.2172790914773941
-0.1905844658613205
0.0248749740421772
0.12282238900661469
-0.12675778567790985
-0.1994011402130127
-0.04004010185599327
-0.11101103574037552
-0.01854592375457287
-0.07626993954181671
0.03856702521443367
0.04156909137964249
-0.14612239599227905
-0.3886629045009613
-0.07094188779592514
-0.1459062099456787
0.008709177374839783
-0.06444001942873001
0.06134471669793129
0.13968780636787415
-0.17016761004924774
-0.03666011616587639
-0.00866825133562088
0.12139049172401428
0.023933537304401398
0.04524144157767296
0.20788514614105225
-0.004800557158887386
-0.14499437808990479
-0.1160920113325119
0.03260941803455353
0.26730412244796753
0.16671757400035858
-0.009499703533947468
0.057498808950185776
0.017571117728948593
0.06007184088230133
-0.19888652861118317
0.060452286154031754
0.0822295993566513
0.16245056688785553
-0.010398456826806068
0.10869286209344864
-0.12802092730998993
-0.016081243753433228
0.05540528893470764
-0.22335045039653778
0.027739830315113068
0.06869930773973465
-0.03190048784017563
-0.15332111716270447
-0.0035675382241606712
0.2464197278022766
0.1448296755552292
-0.1191299706697464
-0.0739021748304367
0.2786249816417694
-0.12850962579250336
-0.0011997106485068798
0.011714514344930649
-0.09183382987976074
-0.15047390758991241
-0.24509970843791962
0.06127258017659187
0.35672834515571594
0.08880892395973206
-0.19154863059520721
-0.0062456559389829636
-0.048401303589344025
0.011765843257308006
0.0579063855111599
0.007469284348189831
-0.12777864933013916
0.034802813082933426
-0.06363438069820404
0.01636611856520176
0.06718999147415161
0.05740785598754883
-0.06541967391967773
0.12137904763221741
-0.029418177902698517
0.014570469968020916
0.0785851702094078
0.012649694457650185
-0.0317252092063427
0.02670980803668499
-0.15945908427238464
0.00954602099955082
0.06815894693136215
-0.10566247254610062
0.01778995245695114
0.08236829191446304
-0.12735596299171448
0.14801573753356934
0.006893530488014221
-0.016791146248579025
-0.04522862285375595
0.0655585378408432
-0.10565237700939178
-0.031954266130924225
0.12317442148923874
-0.25843358039855957
0.14489960670471191
0.166030615568161
-0.05318054184317589
0.145511195063591
0.03921399265527725
0.05507989227771759
0.03942826762795448
-0.014669455587863922
-0.15770527720451355
-0.08060319721698761
0.040219299495220184
-0.062285587191581726
0.004399549216032028
0.05109511315822601
