-0.09344136714935303
0.0908227264881134
0.09325797855854034
-0.1410282552242279
-0.10430168360471725
-0.02427208051085472
0.022465232759714127
-0.08299022167921066
0.2715473175048828
-0.17330481112003326
0.26150673627853394
-0.09804285317659378
-0.2352093607187271
-0.045118410140275955
0.0019106753170490265
0.16473373770713806
-0.09595967829227448
-0.15302012860774994
-0.037153393030166626
-0.03676272928714752
0.02775539457798004
-0.0390765480697155
0.059020623564720154
0.027550341561436653
-0.13970226049423218
-0.39151322841644287
-0.11355302482843399
-0.08136799931526184
-0.031691502779722214
-0.03640256077051163
0.10042831301689148
0.10986999422311783
-0.2245199978351593
-0.03714688867330551
-0.019705750048160553
0.09461060166358948
-0.0753251314163208
-0.07385612279176712
0.19431431591510773
-0.0261058509349823
-0.21914154291152954
-0.14559541642665863
0.020052649080753326
0.18840835988521576
0.1114058569073677
0.01584894396364689
0.06854540854692459
-0.08844326436519623
0.06634704768657684
-0.2514551877975464
0.06527765095233917
0.09361104667186737
0.05539850518107414
0.032036323100328445
0.0728064477443695
-0.10154245793819427
0.05390504002571106
0.1006816104054451
-0.18067774176597595
-0.010700568556785583
0.06698780506849289
-0.05354493111371994
-0.09124603122472763
-0.053505390882492065
0.33058881759643555
0.15912741422653198
-0.11818280816078186
-0.0851086750626564
0.25709444284439087
-0.0885019302368164
-0.022604849189519882
0.09692879766225815
-0.13036306202411652
-0.16129246354103088
-0.24878054857254028
-0.026823226362466812
0.4429859519004822
0.06283481419086456
-0.13732707500457764
0.013935253024101257
-0.14181651175022125
0.028188452124595642
0.014818266965448856
0.08587399125099182
-0.054657697677612305
0.02970113232731819
-0.07246936857700348
0.041076578199863434
0.2351018637418747
-0.08537057787179947
-0.08348971605300903
0.19392605125904083
-0.01317739300429821
0.03784751519560814
0.00972764939069748
-0.01717420294880867
-0.033961012959480286
-0.03088969737291336
-0.164023295044899
-0.04225769639015198
0.053644850850105286
-0.013590481132268906
-0.0955761969089508
0.08991096913814545
-0.22158826887607574
0.1710079312324524
0.03760777413845062
-0.049148403108119965
-0.003870137967169285
-0.0013836037833243608
-0.08977282047271729
-0.04284895956516266
0.15572309494018555
-0.23520714044570923
0.16172321140766144
0.10448268055915833
0.0012416576500982046
0.18394780158996582
0.07836082577705383
0.07338573038578033
0.02397739887237549
-0.10000623762607574
-0.1584838628768921
-0.06807401031255722
0.07766500860452652
-3.1181611120700836e-05
0.07691077888011932
0.026191767305135727
