-0.17004553973674774
0.09315536171197891
0.06676682084798813
-0.15115012228488922
-0.02307155914604664
-0.026146000251173973
-0.009349804371595383
-0.08786661922931671
0.21204543113708496
-0.1244993805885315
0.1838730424642563
0.0020227599889039993
-0.13625115156173706
-0.043474577367305756
-0.027564216405153275
0.09260529279708862
-0.18452367186546326
-0.13243171572685242
-0.011244386434555054
0.04382776468992233
0.08710382133722305
-0.03745688870549202
0.06654903292655945
0.07713288068771362
-0.16865423321723938
-0.40607813000679016
-0.11815740168094635
-0.09331296384334564
0.018815815448760986
-0.04095051437616348
-0.009535972960293293
0.049751702696084976
-0.2641564607620239
-0.014854256063699722
-0.043260686099529266
0.08122746646404266
-0.002903545508161187
-0.04728388413786888
0.17025022208690643
0.034665293991565704
-0.24592739343643188
-0.06236214190721512
0.017189325764775276
0.21759022772312164
0.201133593916893
0.05398310720920563
0.008750278502702713
-0.0729282796382904
0.1000797376036644
-0.27968645095825195
0.06318400800228119
0.1458768993616104
-0.0132339708507061
0.070763498544693
0.014257361181080341
-0.09581796824932098
0.051568228751420975
0.08093766123056412
-0.22451864182949066
0.027147555723786354
0.010268691927194595
-0.03138408437371254
-0.002354837954044342
-0.00977344997227192
0.23291833698749542
0.18835772573947906
-0.13419318199157715
-0.08036059141159058
0.18220576643943787
-0.14653721451759338
0.03337603434920311
0.059479475021362305
-0.11930932849645615
-0.2420973777770996
-0.20993363857269287
0.04472454637289047
0.3761911988258362
0.20463229715824127
-0.11595731228590012
0.018604034557938576
-0.18747127056121826
-0.011010237038135529
0.09876979142427444
0.09650730341672897
-0.04565635323524475
0.04082266613841057
-0.03743057698011398
0.06419157981872559
0.22034765779972076
0.011924684047698975
-0.04417381435632706
0.27002793550491333
-0.01721270941197872
0.04462762922048569
-0.001580953598022461
0.08097615838050842
-0.09398294985294342
0.021321404725313187
-0.18553660809993744
-0.006948336958885193
0.016037043184041977
0.026768364012241364
-0.023640882223844528
0.1701771765947342
-0.1965324580669403
0.1272520273923874
0.02561189793050289
-0.05744370073080063
0.017060205340385437
0.011144118383526802
-0.07912842184305191
-0.12421663850545883
0.04479449987411499
-0.210957333445549
0.19729368388652802
0.19051554799079895
0.01021026074886322
0.1801113784313202
0.0869826003909111
0.03983495011925697
0.05619116500020027
-0.08140581846237183
-0.12335118651390076
-0.009818780235946178
0.12561765313148499
0.01767726242542267
0.053564347326755524
-0.03530005365610123
