-0.11936301738023758
0.0468425527215004
0.044630009680986404
-0.04154955968260765
-0.11228334903717041
-0.04084618762135506
-0.06045137345790863
-0.15373408794403076
0.17378059029579163
-0.16377326846122742
0.14830082654953003
-0.07152109593153
-0.22391724586486816
-0.06537264585494995
-0.07496218383312225
0.14849193394184113
-0.10519259423017502
-0.13665558397769928
-0.03437677398324013
-0.09113140404224396
0.04123105853796005
-0.015203158371150494
0.00125834287609905
0.05698561295866966
-0.17664624750614166
-0.3671478033065796
-0.14719535410404205
-0.061169710010290146
-0.056124284863471985
-0.06083476543426514
-0.09498681128025055
0.08735240250825882
-0.18486706912517548
-0.05779000371694565
0.011824458837509155
0.12241116166114807
-0.05546655133366585
-0.06882291287183762
0.1259804666042328
0.012462340295314789
-0.2054338902235031
-0.08412692695856094
0.1340947300195694
0.20452192425727844
0.22119289636611938
0.034240998327732086
0.048376940190792084
-0.07371826469898224
0.11927908658981323
-0.2562355697154999
0.05445105582475662
0.11164315044879913
0.11236919462680817
0.0816156268119812
0.07907531410455704
-0.12757602334022522
-0.05267195776104927
0.11371736228466034
-0.15978603065013885
-0.0014528266619890928
0.022454936057329178
-0.08036381751298904
-0.10505618155002594
-0.03317347913980484
0.27038952708244324
0.21834586560726166
-0.14605611562728882
-0.07743069529533386
0.2619166970252991
-0.19821985065937042
-0.028470318764448166
0.013508488424122334
-0.08618845790624619
-0.20608511567115784
-0.2999313771724701
0.04439627751708031
0.4275995194911957
0.15209361910820007
-0.06639476120471954
0.05966968461871147
-0.08062364906072617
-8.056312799453735e-05
0.010579465888440609
0.12579397857189178
-0.10303391516208649
0.09806790947914124
0.009968176484107971
0.11133737862110138
0.1846473515033722
-0.02697591297328472
-0.01762409135699272
0.21130450069904327
-0.013854609802365303
0.07216007262468338
0.048737991601228714
0.08185609430074692
-0.0812661200761795
-0.030488841235637665
-0.13594047725200653
0.007046859711408615
0.09233199805021286
-0.048607032746076584
0.06000969931483269
0.10751356184482574
-0.16078586876392365
0.1088317260146141
-0.01118931919336319
-0.04349030181765556
-0.0020212680101394653
-0.034994833171367645
-0.0833633616566658
-0.03573528677225113
0.09366320073604584
-0.2933022081851959
0.11670801043510437
0.11552820354700089
-0.02982797473669052
0.20144692063331604
0.0771341472864151
0.05487542226910591
0.07517105340957642
-0.1254650205373764
-0.12129820883274078
-0.05185604467988014
0.0981425866484642
-0.023555796593427658
0.046286266297101974
0.02663346938788891
