-0.10971726477146149
0.03763405233621597
0.16937696933746338
-0.0640496239066124
-0.06998031586408615
-0.02607865259051323
-0.0415571853518486
-0.12970951199531555
0.16887536644935608
-0.15378615260124207
0.24938052892684937
-0.07978098839521408
-0.23271045088768005
0.06648144870996475
-0.11207188665866852
0.12396389991044998
-0.13576160371303558
-0.16712945699691772
-0.05809342861175537
-0.014318624511361122
0.043948300182819366
-0.004503381438553333
-0.01233875472098589
0.00745187746360898
-0.14852437376976013
-0.3327789902687073
-0.14531534910202026
-0.14033566415309906
0.030790144577622414
-0.08941560983657837
-0.025397703051567078
0.06440705806016922
-0.12293948978185654
-0.006926942616701126
0.014554064720869064
0.05417511612176895
0.05003954470157623
-0.08266523480415344
0.2515218257904053
-0.005160142667591572
-0.2665558457374573
-0.027166666463017464
0.1066659465432167
0.1789468675851822
0.1518506109714508
0.009389854036271572
0.012928475625813007
-0.09487505257129669
0.13018421828746796
-0.27802395820617676
0.012123079970479012
0.1032104343175888
0.14611326158046722
0.1107914075255394
0.06784340739250183
-0.16919055581092834
0.02382129617035389
0.06146910786628723
-0.15619075298309326
0.04752734303474426
0.015383143909275532
-0.12084987759590149
0.005265800282359123
0.010156549513339996
0.2392617017030716
0.12499445676803589
-0.09748975932598114
-0.09686937183141708
0.21032772958278656
-0.15298700332641602
-0.02918674424290657
0.11019669473171234
-0.10658630728721619
-0.10712830722332001
-0.20518611371517181
-0.025369279086589813
0.45642775297164917
0.061570458114147186
-0.15821516513824463
0.09170937538146973
-0.139407217502594
-0.07118390500545502
-0.026006856933236122
0.09381712228059769
-0.08604184538125992
0.08280486613512039
-0.039565425366163254
0.0027311276644468307
0.2725638151168823
-0.054502155631780624
0.054649002850055695
0.2202376127243042
-0.028659604489803314
0.10537315905094147
0.07783760130405426
0.05243097245693207
-0.09620244055986404
-0.08395077288150787
-0.09817985445261002
-0.04064019396901131
0.017350805923342705
-0.023062411695718765
0.00195302814245224
0.086790531873703
-0.2536778450012207
0.10013619065284729
-0.043005380779504776
-0.0742579847574234
0.0204435084015131
0.021658599376678467
0.028280744329094887
-0.040212482213974
0.1817992478609085
-0.26097944378852844
0.11361505091190338
0.142449751496315
-0.0250870194286108
0.12525740265846252
0.06140776351094246
0.032973915338516235
-0.001573127694427967
-0.031037811189889908
-0.13804991543293
-0.06107671558856964
0.07785307615995407
-0.05500122904777527
0.0021216031163930893
-0.002066052518785
