-0.13232369720935822
0.06639698147773743
0.007625705562531948
-0.09238441288471222
-0.21697083115577698
0.03883427754044533
-0.02190321497619152
-0.13914115726947784
0.2273372858762741
-0.1918465793132782
0.12790262699127197
-0.09670677036046982
-0.16749824583530426
0.015049023553729057
-0.027807604521512985
0.1664065569639206
-0.0943969339132309
-0.23349431157112122
-0.04486618936061859
-0.09210842102766037
-0.0032842981163412333
-0.056340623646974564
0.007121443282812834
0.17678339779376984
-0.15719333291053772
-0.4151673913002014
-0.08398008346557617
-0.08254057168960571
-0.07376722991466522
-0.13748584687709808
0.04232630133628845
0.053899943828582764
-0.2670534551143646
0.019416479393839836
-0.01111193560063839
0.1366095244884491
0.014446178451180458
-0.021897591650485992
0.15351495146751404
0.055507972836494446
-0.243085578083992
0.015901487320661545
0.09042637050151825
0.20919938385486603
0.1598251461982727
0.0589713491499424
0.013600146397948265
-0.10390190780162811
0.15578044950962067
-0.20057639479637146
0.043066032230854034
0.14500708878040314
0.004341090563684702
-0.002322237007319927
0.08283378928899765
-0.14537793397903442
0.008504534140229225
0.07222472131252289
-0.13848215341567993
0.10271146148443222
0.0791349858045578
-0.03407461568713188
-0.06745505332946777
-0.07578521966934204
0.2747868597507477
0.13893194496631622
-0.08747340738773346
-0.1319679468870163
0.2413889318704605
-0.15981324017047882
-0.04697474464774132
0.06739119440317154
-0.11995076388120651
-0.20813922584056854
-0.25693270564079285
0.046240828931331635
0.4850737750530243
0.18137700855731964
-0.17846344411373138
0.009288662113249302
-0.08714056015014648
0.054488539695739746
0.03481033444404602
0.12777850031852722
-0.020739279687404633
-0.009515047073364258
-0.07717288285493851
0.07017748057842255
0.21987895667552948
0.06403232365846634
-0.028019506484270096
0.23373737931251526
-0.01569836027920246
0.050276096910238266
0.007256111595779657
0.06661953032016754
-0.1776997298002243
-0.019433461129665375
-0.196626216173172
-0.08074384927749634
-0.028709499165415764
0.01584634743630886
-0.01462697982788086
0.09744247049093246
-0.21868005394935608
0.15564435720443726
-0.0508718304336071
-0.07457800209522247
-0.11296630650758743
0.13934752345085144
-0.10863468796014786
-0.004049650393426418
0.11836239695549011
-0.27181047201156616
0.19406276941299438
0.15927334129810333
0.031608518213033676
0.1652696281671524
0.08399636298418045
0.08255830407142639
0.041698575019836426
-0.05801164358854294
-0.12257213890552521
-0.08132604509592056
0.014447620138525963
-0.0662955492734909
0.050067756325006485
0.05065729096531868
