-0.09814318269491196
0.09309807419776917
0.11112692207098007
-0.0925615131855011
-0.09976121038198471
0.03514602780342102
-0.06474454700946808
-0.10049242526292801
0.19096772372722626
-0.15390387177467346
0.23562118411064148
-0.008441201411187649
-0.1983833909034729
-0.08793208003044128
-0.024157971143722534
0.09511417150497437
-0.16235005855560303
-0.1500268131494522
-0.024458827450871468
-0.06320171803236008
0.035573989152908325
-0.017863765358924866
0.0018911650404334068
-0.012977633625268936
-0.20775458216667175
-0.3608936667442322
-0.08625231683254242
-0.08546070754528046
0.0060923146083951
-0.02069154568016529
0.031462106853723526
0.0587354451417923
-0.23100076615810394
0.019271332770586014
-0.016587652266025543
0.07022446393966675
0.03100084699690342
-0.005614565685391426
0.1456817239522934
0.03756052255630493
-0.23465751111507416
-0.07064377516508102
-0.0010983459651470184
0.17587852478027344
0.11339610069990158
-0.005278670694679022
0.06732884794473648
-0.07972044497728348
0.13501617312431335
-0.1254265159368515
0.118832066655159
0.15794704854488373
0.16866548359394073
-0.021383054554462433
0.1019977331161499
-0.10785717517137527
-0.01977537013590336
0.17341293394565582
-0.14433780312538147
0.03537200391292572
0.03792102634906769
-0.0344625860452652
-0.036417338997125626
-0.025212954729795456
0.1995079666376114
0.13062918186187744
-0.0905807688832283
-0.18727615475654602
0.22093604505062103
-0.05326380208134651
-0.06414754688739777
0.10756603628396988
-0.13952474296092987
-0.1379922479391098
-0.32932156324386597
0.05200989171862602
0.436688631772995
0.06893382966518402
-0.15196600556373596
0.00330223236232996
-0.1070253923535347
-0.05383116751909256
0.028145350515842438
0.12001164257526398
-0.12984588742256165
0.05969228222966194
-0.04005708545446396
0.0646919533610344
0.19944410026073456
0.013653524219989777
-0.0767492800951004
0.16369609534740448
-0.04553607478737831
0.02245069295167923
-0.030989333987236023
-0.022106602787971497
-0.10407082736492157
0.011204913258552551
-0.09091531485319138
-0.07980372756719589
0.0559798888862133
-0.004629779607057571
-0.03088371455669403
0.1576760858297348
-0.21989290416240692
0.07891199737787247
-0.01185939833521843
-0.05175352096557617
-0.008356037549674511
0.0266069695353508
-0.07864611595869064
-0.05578014254570007
0.11578460782766342
-0.2591456472873688
0.1357094943523407
0.11535252630710602
0.04615972191095352
0.1206330806016922
0.11666616052389145
0.0015600277110934258
0.05452989041805267
-0.06713250279426575
-0.14828833937644958
-0.056025873869657516
0.08601155877113342
-0.06114794313907623
0.07300924509763718
-0.0015979381278157234
