-0.19424962997436523
0.12948817014694214
0.0027465936727821827
-0.14612840116024017
-0.11825864017009735
-0.04033214598894119
-0.07406170666217804
-0.1599491834640503
0.18356090784072876
-0.18567247688770294
0.19483597576618195
-0.03761229291558266
-0.17210304737091064
-0.02312214858829975
-0.1175878718495369
0.13783521950244904
-0.19419986009597778
-0.16874445974826813
-0.010194309055805206
-0.07948315143585205
0.04895962029695511
-0.00015336961951106787
-0.060827650129795074
0.08653277903795242
-0.12578514218330383
-0.3527548015117645
-0.1319413185119629
-0.10587738454341888
0.07000774145126343
-0.03600212559103966
0.038717083632946014
0.031244484707713127
-0.20453697443008423
-0.06859005987644196
0.014373939484357834
0.13348114490509033
0.009660451672971249
-0.03229760006070137
0.18137766420841217
-0.010056877508759499
-0.1510179191827774
-0.04037632420659065
0.08562622219324112
0.2530035674571991
0.11594603955745697
0.05124850943684578
0.06194161996245384
-0.11998413503170013
0.12997964024543762
-0.20155514776706696
0.015628580003976822
0.1271045207977295
0.08146527409553528
0.10211197286844254
0.020370714366436005
-0.12982536852359772
0.06182953715324402
0.09409824013710022
-0.21738891303539276
0.009863604791462421
0.014041975140571594
-0.05350085347890854
-0.04243216663599014
0.004821316339075565
0.2832549810409546
0.11859071254730225
-0.10473419725894928
-0.12178909778594971
0.23926010727882385
-0.18885347247123718
-0.06173504516482353
0.026873644441366196
-0.06376956403255463
-0.14226916432380676
-0.25518566370010376
0.028281453996896744
0.45534753799438477
0.2056056559085846
-0.10252279043197632
0.11067091673612595
-0.11260293424129486
-0.09266547858715057
0.05347130447626114
0.10300472378730774
-0.0778811126947403
0.05860187113285065
-0.02136395126581192
0.07609061896800995
0.22578507661819458
0.011294198222458363
-0.015321914106607437
0.18962156772613525
0.031548988074064255
0.09871964901685715
0.04725637659430504
0.06772904843091965
-0.15147854387760162
-0.04280112311244011
-0.10668685287237167
-0.056681837886571884
0.050051987171173096
0.04555971547961235
0.016074055805802345
0.13197143375873566
-0.17983733117580414
0.19983965158462524
-0.01737426407635212
-0.06286605447530746
-0.06537225842475891
0.04066602513194084
-0.021938959136605263
-0.055326223373413086
0.13506431877613068
-0.198569655418396
0.1745349019765854
0.16353590786457062
-0.010332288220524788
0.21087753772735596
0.12487401068210602
0.0019494369626045227
0.04680697247385979
-0.08317670226097107
-0.14472082257270813
-0.10956846177577972
0.07337099313735962
-0.06397394090890884
0.10709583014249802
-0.0003483481705188751
