-0.2256183922290802
0.1038428395986557
0.037893760949373245
-0.03350186347961426
-0.006521954201161861
-0.027907809242606163
-0.002088041976094246
-0.13314393162727356
0.24108318984508514
-0.06712330132722855
0.17804300785064697
0.06759472191333771
-0.2030685395002365
-0.10723912715911865
-0.12740221619606018
0.030564075335860252
-0.10711587220430374
-0.15683314204216003
-0.08351979404687881
-0.0693143755197525
0.03679007664322853
0.031741444021463394
0.04105303809046745
-0.03073742240667343
-0.20643679797649384
-0.3584124743938446
-0.11053109914064407
-0.11550523340702057
0.0982133150100708
-0.06745384633541107
-0.025953233242034912
-0.05411607399582863
-0.19355876743793488
-0.07177502661943436
-0.05586431920528412
0.12324653565883636
-0.0009068686049431562
-0.028042703866958618
0.22434058785438538
0.020623311400413513
-0.15572871267795563
-0.0033963099122047424
0.04234680160880089
0.268388956785202
0.1744404286146164
0.013832103461027145
0.03298230096697807
-0.04759575426578522
0.11907590180635452
-0.17719297111034393
0.0704675167798996
0.09309504926204681
0.18005965650081635
0.037273429334163666
0.1428213268518448
-0.10922747850418091
0.003270106390118599
0.06416849792003632
-0.21437223255634308
0.06274684518575668
0.014305278658866882
-0.033558331429958344
-0.05036008358001709
0.04490383341908455
0.1681533008813858
0.12359797954559326
-0.044591858983039856
-0.14827409386634827
0.22927244007587433
-0.25061437487602234
0.031308118253946304
0.08570747077465057
0.008014803752303123
-0.13544853031635284
-0.23478621244430542
0.0684611052274704
0.4100041389465332
0.17024114727973938
-0.11583805084228516
0.08276303112506866
-0.10107816010713577
-0.08401995152235031
0.06765104085206985
-0.018126070499420166
-0.1659536212682724
0.0873933881521225
-0.13732139766216278
-0.01331249251961708
0.22212867438793182
0.08906442672014236
-0.0483790747821331
0.1748000532388687
0.04864019528031349
0.043882355093955994
0.10967188328504562
0.015469159930944443
-0.15864025056362152
0.012051058933138847
-0.04569760710000992
0.023988356813788414
0.10479003190994263
-0.10437212139368057
0.061646200716495514
0.06333646923303604
-0.1170465350151062
0.12039108574390411
-0.02088509127497673
-0.021795181557536125
0.026823285967111588
0.05817006155848503
-0.10270604491233826
-0.08056242763996124
0.13995923101902008
-0.27350476384162903
0.18032655119895935
0.10660716891288757
-0.060045383870601654
0.16095608472824097
0.09675052762031555
0.04871581494808197
0.012728718109428883
0.0846419408917427
-0.08813847601413727
-0.11032536625862122
-0.021653620526194572
-0.11328724026679993
0.12627063691616058
0.06768782436847687
