-0.1377245932817459
0.08616618812084198
0.06353195011615753
0.018006151542067528
-0.07942162454128265
-0.011834481731057167
-0.0003071725368499756
-0.15259933471679688
0.07721985876560211
0.03023991361260414
0.238352432847023
0.057354893535375595
-0.165933758020401
-0.07484076917171478
-0.09469443559646606
0.016526035964488983
-0.06792441755533218
-0.14137957990169525
-0.10286608338356018
-0.0341445729136467
-0.049784813076257706
0.0029088170267641544
0.058414626866579056
0.02914559096097946
-0.07117068022489548
-0.2808901071548462
-0.07793866842985153
-0.08561614155769348
0.10760298371315002
-0.09361839294433594
0.02379905804991722
-0.04217207059264183
-0.21863463521003723
-0.09660748392343521
0.046440668404102325
0.07348471879959106
-0.027558911591768265
-0.02940872311592102
0.27554774284362793
-0.0835513174533844
-0.15250328183174133
0.021297182887792587
0.12598225474357605
0.2854246199131012
0.07995408028364182
0.08148183673620224
0.010480601340532303
-0.0787542462348938
0.11944496631622314
-0.12088130414485931
0.16395695507526398
0.11571839451789856
0.14478884637355804
0.019556060433387756
0.06579054147005081
-0.23335866630077362
0.03224698454141617
0.1189599558711052
-0.16676512360572815
0.12231095135211945
0.04356797784566879
0.004791388288140297
0.015530083328485489
-0.01651804894208908
0.2243090271949768
0.11560003459453583
-0.039794325828552246
-0.22178322076797485
0.15563206374645233
-0.16996531188488007
0.032442331314086914
0.140830859541893
-0.057659707963466644
-0.11272469907999039
-0.20988203585147858
0.05015527084469795
0.41832849383354187
0.09046518802642822
-0.1711331307888031
-0.005020054988563061
-0.12219081819057465
-0.06410899758338928
0.07456863671541214
-0.014449534937739372
-0.12733884155750275
0.018059436231851578
-0.1707053929567337
-0.06103094294667244
0.23059548437595367
0.09089434891939163
-0.07018695771694183
0.1494535654783249
0.035910047590732574
-0.029630817472934723
0.09543343633413315
0.026313919574022293
-0.17330743372440338
0.05354095622897148
-0.12539774179458618
-0.0041017793118953705
0.0071286484599113464
-0.08080781251192093
0.06151730194687843
0.11057920753955841
-0.15810397267341614
0.09220322221517563
-0.012566814199090004
0.030115650966763496
0.025472603738307953
0.07282767444849014
-0.12314363569021225
-0.1118304580450058
0.15487632155418396
-0.29503133893013
0.2661159336566925
0.06180260330438614
0.031868986785411835
0.11630361527204514
0.10706502199172974
0.1056692898273468
0.014613051898777485
0.05169043689966202
-0.11346141993999481
-0.05834093317389488
0.005002439953386784
-0.1204989030957222
0.12867845594882965
0.08287760615348816
