-0.13435670733451843
0.11498201638460159
0.04400329291820526
-0.11409996449947357
-0.11475718766450882
-0.03631248697638512
-0.05969423055648804
-0.11418942362070084
0.08586912602186203
-0.0834590494632721
0.1800047904253006
-0.08217783272266388
-0.19028115272521973
-0.043042030185461044
-0.06915150582790375
0.13198073208332062
-0.22307473421096802
-0.15293356776237488
0.052579883486032486
0.01082510594278574
0.13212846219539642
0.015598081052303314
-0.03537220135331154
0.07443701475858688
-0.18447913229465485
-0.2962668836116791
-0.13258248567581177
-0.03682200238108635
0.027810264378786087
-0.03401486203074455
-0.003257392905652523
0.02880829945206642
-0.22429826855659485
-0.03176895156502724
0.006910423748195171
0.08323249220848083
0.032602790743112564
-0.06415901333093643
0.16554908454418182
0.004884690046310425
-0.2540322542190552
0.048506494611501694
0.08176115900278091
0.3023476004600525
0.20004592835903168
0.0411248654127121
-0.00501154363155365
-0.12337053567171097
0.09602667391300201
-0.2058313637971878
0.0009031742811203003
0.18045474588871002
-0.021977556869387627
0.04720083624124527
-0.058063048869371414
-0.12381964921951294
0.051563043147325516
0.11740311980247498
-0.19372600317001343
0.0038960801903158426
0.08816023170948029
-0.09885436296463013
0.04998171329498291
-0.10594823211431503
0.2139119654893875
0.021725952625274658
-0.13807691633701324
-0.19873005151748657
0.09072566032409668
-0.17231309413909912
-0.07481957226991653
0.10008516907691956
-0.1384265422821045
-0.17669597268104553
-0.3578592538833618
0.05826641991734505
0.39323684573173523
0.16979548335075378
-0.12479689717292786
0.11585686355829239
-0.06497356295585632
-0.010880973190069199
0.15839692950248718
0.1715037226676941
0.026781465858221054
0.044546615332365036
-0.11032534390687943
0.06492096185684204
0.2384186089038849
-0.04739422723650932
-0.020004115998744965
0.21973559260368347
0.005594521760940552
0.07966329902410507
0.008764628320932388
0.11203514784574509
-0.13560663163661957
0.04898659512400627
-0.1236630529165268
0.029184475541114807
0.031293876469135284
0.0314352810382843
0.025981200858950615
0.2156219482421875
-0.14288429915905
0.16386619210243225
-0.012308279052376747
-0.022359389811754227
-0.06714151054620743
-0.06083773076534271
-0.05132584646344185
-0.03881752863526344
0.09648265689611435
-0.24616360664367676
0.1600494235754013
0.17849333584308624
0.042767174541950226
0.11783359944820404
0.1464151293039322
0.029248137027025223
-0.03219539299607277
-0.023211069405078888
-0.20693248510360718
-0.00552727235481143
0.10177873075008392
-0.06992139667272568
0.1525696963071823
-0.013153932988643646
