-0.119542196393013
0.015947598963975906
0.020819228142499924
-0.10797318816184998
-0.11532959342002869
-0.06583888828754425
-0.10656124353408813
-0.021716652438044548
0.1495608389377594
-0.1444288045167923
0.2383844405412674
-0.11096829921007156
-0.1528397500514984
-0.03988197073340416
-0.051667485386133194
0.21017076075077057
-0.22369636595249176
-0.15559078752994537
-0.06043412536382675
-0.006836945191025734
0.06319912523031235
0.00852293148636818
-0.032470740377902985
0.0914250984787941
-0.19628749787807465
-0.3952779769897461
-0.07161092758178711
-0.057857051491737366
-0.06906846910715103
-0.08231433480978012
0.024757852777838707
0.03322523832321167
-0.2358856499195099
0.02773572877049446
0.029091177508234978
0.13731874525547028
0.04238049313426018
-0.09154897928237915
0.14480943977832794
-0.007375085726380348
-0.29223185777664185
0.01192798838019371
0.0906241312623024
0.23423713445663452
0.17627914249897003
-0.006256608758121729
-0.003872927278280258
-0.1186157763004303
0.1443548947572708
-0.1698402464389801
-0.004469577223062515
0.1386823058128357
0.00873795710504055
0.05036109685897827
0.033586714416742325
-0.04515455663204193
0.04515682905912399
0.19589388370513916
-0.15157461166381836
-0.04309836030006409
0.03630581870675087
-0.06732263416051865
0.03042762354016304
-0.1366414725780487
0.21299582719802856
0.058681901544332504
-0.11118239164352417
-0.2084699273109436
0.13860267400741577
-0.1724383682012558
-0.08019763976335526
0.08666675537824631
-0.11547781527042389
-0.21866577863693237
-0.3802008032798767
-0.014796407893300056
0.33699098229408264
0.15520718693733215
-0.1788584142923355
0.09610096365213394
-0.019883330911397934
-0.026228392496705055
0.1188817098736763
0.16901062428951263
0.06463600695133209
0.06825680285692215
-0.11644139140844345
0.05223207548260689
0.29895204305648804
-0.03514035418629646
0.020416783168911934
0.19424393773078918
-0.015816953033208847
0.011042688973248005
-0.0042562540620565414
0.010164713487029076
-0.12454289197921753
0.02629644237458706
-0.1364554762840271
0.008239994756877422
-0.021718157455325127
0.06874482333660126
-0.030227694660425186
0.10619933158159256
-0.12469485402107239
0.0985116958618164
0.000630425987765193
-0.04081567004323006
-0.056739356368780136
0.059824950993061066
-0.0436144694685936
-0.11727482080459595
0.08457965403795242
-0.22612908482551575
0.14938193559646606
0.1507970690727234
0.09833013266324997
0.1487184464931488
0.08583356440067291
0.07127999514341354
-0.05525212734937668
-0.02479814738035202
-0.19147703051567078
-0.004149833228439093
0.032873235642910004
-8.614594116806984e-05
0.11713253706693649
0.0014850422739982605
