-0.17810142040252686
0.12895981967449188
0.006023311987519264
-0.08179735392332077
-0.09130935370922089
-0.030428212136030197
-0.10720290243625641
-0.08821789175271988
0.17523592710494995
-0.08969086408615112
0.16568247973918915
-0.01654336228966713
-0.17437048256397247
-0.08621513843536377
-0.05070386081933975
0.11638110876083374
-0.14038516581058502
-0.146275594830513
-0.0155252730473876
-0.0966888815164566
0.03275191783905029
0.06452234834432602
0.0320010781288147
0.10890496522188187
-0.13518565893173218
-0.3677942156791687
-0.09546041488647461
-0.16757169365882874
0.07073982059955597
-0.09789220988750458
-0.025546792894601822
0.040242526680231094
-0.1917688101530075
-0.08553580939769745
0.04265215992927551
0.09522004425525665
0.03785496950149536
-0.020305227488279343
0.2273482233285904
0.01960150897502899
-0.09052043408155441
-0.013064078986644745
0.06801791489124298
0.2765314280986786
0.08626221120357513
0.07326691597700119
0.06225864589214325
-0.09606020897626877
0.18273791670799255
-0.15304166078567505
0.12276342511177063
0.15819357335567474
0.05356493592262268
0.04745505750179291
0.10711701214313507
-0.11295421421527863
0.0644226148724556
0.13770094513893127
-0.2202153503894806
0.11338706314563751
0.07803399115800858
0.020311709493398666
-0.03697872906923294
0.006647741422057152
0.24626614153385162
0.08591218292713165
-0.055413953959941864
-0.12683646380901337
0.22447970509529114
-0.13123536109924316
-0.03327568620443344
0.06009545922279358
-0.07033104449510574
-0.12708455324172974
-0.2205805480480194
0.07002174854278564
0.359054833650589
0.21554675698280334
-0.1629888266324997
0.05249027535319328
-0.10547342151403427
-0.1010027527809143
0.053426243364810944
0.011842790059745312
-0.13615767657756805
0.010162543505430222
-0.10887374728918076
0.02738521248102188
0.22026926279067993
0.12782330811023712
0.027896471321582794
0.258566677570343
0.08076436817646027
0.036032386124134064
0.0763111338019371
0.05026421323418617
-0.2163630723953247
-0.09164626896381378
-0.15625415742397308
-0.09049855172634125
0.04961659759283066
-0.021435707807540894
-0.014120202511548996
0.16221287846565247
-0.19690974056720734
0.14086297154426575
-0.05144894868135452
-0.06298459321260452
-0.08843613415956497
0.0885966569185257
-0.08370239287614822
-0.07796350121498108
0.11350376158952713
-0.14553193747997284
0.11922680586576462
0.0847678929567337
0.09240353852510452
0.15515878796577454
0.09570661932229996
0.0458998829126358
-0.0020165443420410156
-0.08982155472040176
-0.1400105357170105
-0.12083087861537933
0.08950585871934891
-0.03339129313826561
0.06731480360031128
0.057294800877571106
